        Time / s                signal1/real
----------------------------------------------------------------------
                       0                  1.3182567e-006
          4.7457264e-013                  1.4169677e-006
          9.4914528e-013                  1.5227761e-006
          1.4237179e-012                  1.6361695e-006
          1.8982906e-012                  1.7576674e-006
          2.3728632e-012                  1.8878228e-006
          2.8474358e-012                  2.0272248e-006
          3.3220085e-012                  2.1765006e-006
          3.7965811e-012                   2.336317e-006
          4.2711537e-012                  2.5073844e-006
          4.7457264e-012                  2.6904579e-006
           5.220299e-012                  2.8863412e-006
          5.6948717e-012                  3.0958881e-006
          6.1694443e-012                   3.320007e-006
          6.6440169e-012                  3.5596631e-006
          7.1185896e-012                  3.8158819e-006
          7.5931622e-012                  4.0897535e-006
          8.0677348e-012                  4.3824348e-006
          8.5423075e-012                  4.6951554e-006
          9.0168801e-012                  5.0292197e-006
          9.4914528e-012                  5.3860131e-006
          9.9660254e-012                  5.7670054e-006
          1.0440598e-011                   6.173756e-006
          1.0915171e-011                  6.6079187e-006
          1.1389743e-011                  7.0712481e-006
          1.1864316e-011                  7.5656044e-006
          1.2338889e-011                  8.0929585e-006
          1.2813461e-011                  8.6554001e-006
          1.3288034e-011                  9.2551436e-006
          1.3762607e-011                  9.8945329e-006
          1.4237179e-011                  1.0576053e-005
          1.4711753e-011                  1.1302332e-005
          1.5186324e-011                  1.2076153e-005
          1.5660896e-011                  1.2900464e-005
           1.613547e-011                  1.3778384e-005
          1.6610043e-011                  1.4713208e-005
          1.7084615e-011                   1.570842e-005
          1.7559187e-011                  1.6767712e-005
           1.803376e-011                  1.7894985e-005
          1.8508334e-011                  1.9094357e-005
          1.8982906e-011                  2.0370175e-005
          1.9457477e-011                  2.1727044e-005
          1.9932051e-011                  2.3169827e-005
          2.0406624e-011                  2.4703648e-005
          2.0881196e-011                  2.6333915e-005
          2.1355768e-011                   2.806635e-005
          2.1830341e-011                  2.9906987e-005
          2.2304915e-011                  3.1862186e-005
          2.2779487e-011                  3.3938646e-005
          2.3254058e-011                   3.614345e-005
          2.3728632e-011                  3.8484064e-005
          2.4203205e-011                  4.0968345e-005
          2.4677777e-011                  4.3604567e-005
          2.5152349e-011                  4.6401459e-005
          2.5626922e-011                  4.9368235e-005
          2.6101496e-011                  5.2514555e-005
          2.6576068e-011                  5.5850596e-005
           2.705064e-011                  5.9387097e-005
          2.7525213e-011                  6.3135361e-005
          2.7999787e-011                  6.7107234e-005
          2.8474358e-011                  7.1315197e-005
           2.894893e-011                   7.577239e-005
          2.9423505e-011                  8.0492646e-005
          2.9898077e-011                  8.5490406e-005
          3.0372649e-011                  9.0780952e-005
          3.0847221e-011                  9.6380289e-005
          3.1321792e-011                   0.00010230524
          3.1796368e-011                    0.0001085735
          3.2270939e-011                   0.00011520353
          3.2745511e-011                   0.00012221483
          3.3220086e-011                   0.00012962785
          3.3694658e-011                   0.00013746391
           3.416923e-011                   0.00014574552
          3.4643802e-011                   0.00015449624
          3.5118373e-011                   0.00016374074
          3.5592949e-011                   0.00017350497
           3.606752e-011                   0.00018381591
          3.6542092e-011                   0.00019470198
          3.7016668e-011                   0.00020619304
          3.7491239e-011                   0.00021832003
          3.7965811e-011                   0.00023111564
          3.8440383e-011                   0.00024461394
          3.8914955e-011                   0.00025885066
           3.938953e-011                   0.00027386317
          3.9864102e-011                    0.0002896903
          4.0338673e-011                     0.000306373
          4.0813249e-011                   0.00032395395
           4.128782e-011                   0.00034247752
          4.1762392e-011                   0.00036199036
          4.2236964e-011                    0.0003825411
          4.2711536e-011                   0.00040418049
          4.3186111e-011                   0.00042696169
          4.3660683e-011                   0.00045093967
          4.4135254e-011                   0.00047617231
           4.460983e-011                   0.00050272001
          4.5084401e-011                   0.00053064508
          4.5558973e-011                   0.00056001323
          4.6033545e-011                   0.00059089263
          4.6508117e-011                    0.0006233544
          4.6982692e-011                   0.00065747282
          4.7457264e-011                   0.00069332449
          4.7931836e-011                   0.00073098997
          4.8406411e-011                   0.00077055319
          4.8880983e-011                    0.0008121006
          4.9355554e-011                   0.00085572293
          4.9830126e-011                   0.00090151437
          5.0304698e-011                   0.00094957289
          5.0779273e-011                    0.0010000006
          5.1253845e-011                    0.0010529025
          5.1728417e-011                    0.0011083892
          5.2202992e-011                     0.001166575
          5.2677564e-011                    0.0012275779
          5.3152135e-011                    0.0012915215
          5.3626707e-011                    0.0013585334
          5.4101279e-011                    0.0014287464
          5.4575854e-011                    0.0015022987
          5.5050426e-011                     0.001579332
          5.5524998e-011                    0.0016599948
          5.5999573e-011                    0.0017444412
          5.6474145e-011                     0.001832829
          5.6948717e-011                    0.0019253234
          5.7423288e-011                     0.002022095
           5.789786e-011                    0.0021233207
          5.8372432e-011                    0.0022291834
          5.8847011e-011                    0.0023398739
          5.9321582e-011                    0.0024555849
          5.9796154e-011                    0.0025765204
          6.0270726e-011                      0.00270289
          6.0745298e-011                    0.0028349103
          6.1219869e-011                    0.0029728049
          6.1694441e-011                    0.0031168051
          6.2169013e-011                    0.0032671497
          6.2643585e-011                    0.0034240854
          6.3118163e-011                     0.003587869
          6.3592735e-011                    0.0037587585
          6.4067307e-011                     0.003937027
          6.4541879e-011                    0.0041229548
          6.5016451e-011                    0.0043168291
          6.5491022e-011                    0.0045189476
          6.5965594e-011                     0.004729616
          6.6440173e-011                    0.0049491534
          6.6914745e-011                    0.0051778778
          6.7389316e-011                    0.0054161269
          6.7863888e-011                    0.0056642452
           6.833846e-011                    0.0059225862
          6.8813032e-011                     0.006191514
          6.9287603e-011                    0.0064714039
          6.9762175e-011                    0.0067626406
          7.0236747e-011                    0.0070656198
          7.0711326e-011                    0.0073807524
          7.1185897e-011                    0.0077084466
          7.1660469e-011                     0.008049136
          7.2135041e-011                    0.0084032603
          7.2609613e-011                    0.0087712705
          7.3084185e-011                    0.0091536297
          7.3558756e-011                    0.0095508127
          7.4033335e-011                    0.0099633122
          7.4507907e-011                     0.010391614
          7.4982479e-011                     0.010836236
           7.545705e-011                     0.011297701
          7.5931622e-011                     0.011776542
          7.6406194e-011                      0.01227331
          7.6880766e-011                     0.012788563
          7.7355337e-011                     0.013322875
          7.7829909e-011                      0.01387683
          7.8304488e-011                     0.014451037
           7.877906e-011                     0.015046091
          7.9253631e-011                     0.015662622
          7.9728203e-011                     0.016301269
          8.0202775e-011                     0.016962681
          8.0677347e-011                     0.017647523
          8.1151919e-011                     0.018356469
          8.1626497e-011                      0.01909022
          8.2101069e-011                     0.019849457
          8.2575641e-011                     0.020634905
          8.3050213e-011                     0.021447292
          8.3524784e-011                     0.022287359
          8.3999356e-011                     0.023155859
          8.4473928e-011                     0.024053559
            8.49485e-011                     0.024981236
          8.5423071e-011                     0.025939684
           8.589765e-011                     0.026929718
          8.6372222e-011                     0.027952127
          8.6846794e-011                      0.02900775
          8.7321365e-011                     0.030097429
          8.7795937e-011                     0.031222012
          8.8270509e-011                     0.032382362
          8.8745081e-011                     0.033579353
          8.9219659e-011                     0.034813885
          8.9694231e-011                     0.036086816
          9.0168803e-011                     0.037399072
          9.0643375e-011                     0.038751561
          9.1117947e-011                     0.040145211
          9.1592518e-011                     0.041580956
           9.206709e-011                     0.043059729
          9.2541662e-011                     0.044582486
          9.3016234e-011                     0.046150185
          9.3490812e-011                      0.04776381
          9.3965384e-011                     0.049424283
          9.4439956e-011                     0.051132612
          9.4914528e-011                     0.052889775
          9.5389099e-011                     0.054696761
          9.5863671e-011                     0.056554563
          9.6338243e-011                     0.058464181
          9.6812822e-011                     0.060426634
          9.7287393e-011                     0.062442876
          9.7761965e-011                     0.064513937
          9.8236537e-011                     0.066640824
          9.8711109e-011                     0.068824537
          9.9185681e-011                     0.071066082
          9.9660252e-011                     0.073366471
          1.0013482e-010                     0.075726695
           1.006094e-010                     0.078147769
          1.0108397e-010                     0.080630705
          1.0155855e-010                     0.083176434
          1.0203312e-010                     0.085785978
          1.0250769e-010                     0.088460304
          1.0298226e-010                     0.091200396
          1.0345683e-010                     0.094007216
          1.0393141e-010                     0.096881703
          1.0440598e-010                     0.099824861
          1.0488056e-010                      0.10283752
          1.0535513e-010                      0.10592065
           1.058297e-010                      0.10907515
          1.0630427e-010                      0.11230192
          1.0677884e-010                      0.11560182
          1.0725341e-010                      0.11897571
          1.0772799e-010                      0.12242444
          1.0820256e-010                       0.1259488
          1.0867714e-010                      0.12954968
          1.0915171e-010                      0.13322772
          1.0962628e-010                      0.13698372
          1.1010085e-010                      0.14081843
          1.1057542e-010                      0.14473255
             1.1105e-010                      0.14872673
          1.1152457e-010                      0.15280165
          1.1199915e-010                      0.15695797
          1.1247372e-010                      0.16119614
          1.1294829e-010                      0.16551681
          1.1342286e-010                      0.16992047
          1.1389743e-010                      0.17440762
            1.14372e-010                       0.1789787
          1.1484658e-010                      0.18363412
          1.1532115e-010                      0.18837427
          1.1579572e-010                      0.19319947
           1.162703e-010                      0.19811007
          1.1674486e-010                      0.20310615
          1.1721944e-010                      0.20818815
          1.1769402e-010                      0.21335612
          1.1816859e-010                      0.21861002
          1.1864316e-010                      0.22395019
          1.1911773e-010                      0.22937638
          1.1959231e-010                      0.23488884
          1.2006687e-010                      0.24048717
          1.2054145e-010                      0.24617159
          1.2101602e-010                      0.25194153
           1.214906e-010                      0.25779712
          1.2196517e-010                      0.26373789
          1.2243974e-010                      0.26976326
          1.2291432e-010                      0.27587321
          1.2338888e-010                      0.28206691
          1.2386346e-010                      0.28834417
          1.2433803e-010                      0.29470405
           1.248126e-010                      0.30114621
          1.2528717e-010                      0.30766964
          1.2576175e-010                      0.31427386
          1.2623633e-010                      0.32095787
          1.2671089e-010                      0.32772058
          1.2718547e-010                      0.33456135
          1.2766004e-010                      0.34147879
          1.2813461e-010                      0.34847218
          1.2860918e-010                      0.35553992
          1.2908376e-010                      0.36268121
          1.2955834e-010                       0.3698945
           1.300329e-010                      0.37717822
          1.3050748e-010                      0.38453132
          1.3098204e-010                      0.39195186
          1.3145662e-010                      0.39943871
          1.3193119e-010                      0.40698975
          1.3240577e-010                      0.41460371
          1.3288035e-010                      0.42227858
          1.3335491e-010                      0.43001226
          1.3382949e-010                      0.43780327
          1.3430405e-010                      0.44564915
          1.3477863e-010                      0.45354828
           1.352532e-010                      0.46149811
          1.3572778e-010                      0.46949685
          1.3620234e-010                      0.47754177
          1.3667692e-010                      0.48563102
           1.371515e-010                      0.49376193
          1.3762606e-010                      0.50193185
          1.3810064e-010                      0.51013869
          1.3857521e-010                      0.51837933
          1.3904979e-010                      0.52665168
          1.3952435e-010                      0.53495252
          1.3999893e-010                      0.54327953
          1.4047349e-010                      0.55162936
          1.4094807e-010                      0.55999964
          1.4142265e-010                      0.56838721
          1.4189722e-010                      0.57678878
          1.4237179e-010                       0.5852018
          1.4284636e-010                      0.59362262
          1.4332094e-010                      0.60204864
           1.437955e-010                      0.61047614
          1.4427008e-010                      0.61890233
          1.4474466e-010                      0.62732375
          1.4521923e-010                       0.6357367
           1.456938e-010                      0.64413834
          1.4616837e-010                      0.65252477
          1.4664295e-010                      0.66089308
          1.4711751e-010                      0.66923916
          1.4759209e-010                      0.67756009
          1.4806667e-010                      0.68585205
          1.4854123e-010                      0.69411123
          1.4901581e-010                      0.70233446
          1.4949038e-010                       0.7105177
          1.4996496e-010                      0.71865779
          1.5043952e-010                      0.72675055
           1.509141e-010                      0.73479277
          1.5138867e-010                      0.74278033
          1.5186324e-010                      0.75071001
          1.5233782e-010                      0.75857788
          1.5281239e-010                      0.76638001
          1.5328697e-010                      0.77411312
          1.5376153e-010                      0.78177309
          1.5423611e-010                      0.78935665
          1.5471067e-010                      0.79685968
          1.5518525e-010                      0.80427897
          1.5565982e-010                       0.8116104
           1.561344e-010                      0.81885076
          1.5660898e-010                      0.82599622
          1.5708354e-010                      0.83304292
          1.5755812e-010                      0.83998781
          1.5803268e-010                      0.84682691
          1.5850726e-010                      0.85355699
          1.5898183e-010                      0.86017436
          1.5945641e-010                      0.86667579
          1.5993099e-010                      0.87305784
          1.6040555e-010                      0.87931693
          1.6088013e-010                      0.88545007
          1.6135469e-010                      0.89145362
          1.6182927e-010                      0.89732486
          1.6230384e-010                       0.9030602
          1.6277842e-010                      0.90865695
          1.6325299e-010                      0.91411185
          1.6372756e-010                      0.91942179
          1.6420214e-010                      0.92458421
           1.646767e-010                      0.92959595
          1.6515128e-010                      0.93445462
          1.6562585e-010                      0.93915719
          1.6610043e-010                      0.94370133
          1.6657499e-010                      0.94808424
          1.6704957e-010                      0.95230377
          1.6752415e-010                      0.95635742
          1.6799871e-010                      0.96024275
          1.6847329e-010                      0.96395791
          1.6894786e-010                      0.96750045
          1.6942243e-010                      0.97086871
            1.69897e-010                      0.97406048
          1.7037158e-010                      0.97707421
          1.7084614e-010                      0.97990793
          1.7132072e-010                      0.98256028
           1.717953e-010                      0.98502952
          1.7226987e-010                      0.98731434
          1.7274444e-010                      0.98941344
          1.7321901e-010                       0.9913255
          1.7369359e-010                      0.99304962
          1.7416815e-010                      0.99458462
          1.7464273e-010                      0.99592972
          1.7511731e-010                      0.99708408
          1.7559187e-010                      0.99804705
          1.7606645e-010                      0.99881816
          1.7654102e-010                      0.99939686
           1.770156e-010                       0.9997828
          1.7749016e-010                      0.99997586
          1.7796474e-010                      0.99997586
          1.7843932e-010                       0.9997828
          1.7891388e-010                       0.9993968
          1.7938846e-010                       0.9988181
          1.7986303e-010                      0.99804705
          1.8033761e-010                      0.99708402
          1.8081217e-010                      0.99592966
          1.8128675e-010                       0.9945845
          1.8176131e-010                       0.9930495
          1.8223589e-010                      0.99132538
          1.8271047e-010                      0.98941326
          1.8318504e-010                      0.98731422
          1.8365962e-010                      0.98502934
          1.8413418e-010                       0.9825601
          1.8460876e-010                      0.97990781
          1.8508332e-010                      0.97707403
           1.855579e-010                       0.9740603
          1.8603247e-010                      0.97086853
          1.8650705e-010                      0.96750027
          1.8698162e-010                      0.96395761
          1.8745619e-010                      0.96024257
          1.8793077e-010                      0.95635706
          1.8840533e-010                      0.95230353
          1.8887991e-010                        0.948084
          1.8935448e-010                      0.94370103
          1.8982906e-010                      0.93915689
          1.9030363e-010                       0.9344542
           1.907782e-010                      0.92959571
          1.9125278e-010                      0.92458379
          1.9172734e-010                      0.91942149
          1.9220192e-010                      0.91411138
          1.9267649e-010                       0.9086566
          1.9315106e-010                       0.9030599
          1.9362564e-010                      0.89732438
          1.9410021e-010                      0.89145333
          1.9457479e-010                      0.88544953
          1.9504935e-010                      0.87931657
          1.9552393e-010                      0.87305731
           1.959985e-010                      0.86667544
          1.9647307e-010                      0.86017394
          1.9694764e-010                      0.85355663
          1.9742222e-010                      0.84682649
           1.978968e-010                      0.83998722
          1.9837136e-010                      0.83304256
          1.9884594e-010                      0.82599562
           1.993205e-010                      0.81885034
          1.9979508e-010                      0.81160998
          2.0026965e-010                      0.80427855
          2.0074423e-010                      0.79685926
          2.0121879e-010                      0.78935623
          2.0169337e-010                      0.78177261
          2.0216795e-010                      0.77411246
          2.0264251e-010                      0.76637954
          2.0311709e-010                      0.75857723
          2.0359166e-010                      0.75070959
          2.0406624e-010                      0.74277991
           2.045408e-010                      0.73479235
          2.0501538e-010                      0.72675008
          2.0548996e-010                      0.71865708
          2.0596452e-010                      0.71051729
           2.064391e-010                      0.70233381
          2.0691367e-010                      0.69411075
          2.0738825e-010                       0.6858514
          2.0786281e-010                      0.67755967
          2.0833739e-010                      0.66923869
          2.0881197e-010                      0.66089237
          2.0928653e-010                      0.65252429
          2.0976111e-010                      0.64413762
          2.1023568e-010                      0.63573623
          2.1071025e-010                      0.62732303
          2.1118482e-010                      0.61890185
           2.116594e-010                      0.61047566
          2.1213396e-010                      0.60204816
          2.1260854e-010                      0.59362215
          2.1308312e-010                      0.58520108
          2.1355769e-010                      0.57678831
          2.1403226e-010                       0.5683865
          2.1450683e-010                      0.55999923
          2.1498141e-010                      0.55162889
          2.1545597e-010                      0.54327905
          2.1593055e-010                      0.53495204
          2.1640512e-010                       0.5266512
          2.1687969e-010                      0.51837891
          2.1735427e-010                      0.51013798
          2.1782884e-010                      0.50193137
          2.1830342e-010                      0.49376124
          2.1877798e-010                      0.48563054
          2.1925256e-010                       0.4775413
          2.1972713e-010                      0.46949637
           2.202017e-010                      0.46149763
          2.2067628e-010                       0.4535476
          2.2115085e-010                       0.4456487
          2.2162543e-010                      0.43780258
          2.2209999e-010                      0.43001181
          2.2257457e-010                      0.42227793
          2.2304913e-010                      0.41460329
          2.2352371e-010                      0.40698934
          2.2399829e-010                      0.39943805
          2.2447286e-010                      0.39195144
          2.2494744e-010                      0.38453069
            2.25422e-010                       0.3771778
          2.2589658e-010                      0.36989388
          2.2637114e-010                      0.36268079
          2.2684572e-010                      0.35553953
          2.2732029e-010                      0.34847179
          2.2779487e-010                      0.34147841
          2.2826945e-010                      0.33456075
          2.2874401e-010                       0.3277202
          2.2921859e-010                       0.3209573
          2.2969315e-010                      0.31427348
          2.3016773e-010                      0.30766925
           2.306423e-010                      0.30114585
          2.3111688e-010                      0.29470366
          2.3159144e-010                      0.28834382
          2.3206602e-010                      0.28206655
           2.325406e-010                      0.27587268
          2.3301516e-010                      0.26976293
          2.3348973e-010                      0.26373753
          2.3396432e-010                      0.25779662
          2.3443888e-010                       0.2519412
          2.3491345e-010                      0.24617127
          2.3538804e-010                       0.2404867
          2.3586261e-010                      0.23488836
          2.3633717e-010                      0.22937606
          2.3681174e-010                      0.22394989
          2.3728633e-010                      0.21860956
          2.3776089e-010                      0.21335568
          2.3823546e-010                      0.20818786
          2.3871002e-010                        0.203106
          2.3918462e-010                      0.19810966
          2.3965918e-010                      0.19319919
          2.4013375e-010                      0.18837407
          2.4060834e-010                      0.18363371
           2.410829e-010                      0.17897837
          2.4155747e-010                      0.17440736
          2.4203203e-010                      0.16992028
          2.4250663e-010                      0.16551644
          2.4298119e-010                      0.16119584
          2.4345576e-010                      0.15695773
          2.4393035e-010                      0.15280131
          2.4440491e-010                      0.14872645
          2.4487948e-010                      0.14473233
          2.4535404e-010                      0.14081827
          2.4582864e-010                      0.13698339
           2.463032e-010                      0.13322745
          2.4677776e-010                      0.12954947
          2.4725236e-010                       0.1259485
          2.4772692e-010                      0.12242419
          2.4820149e-010                      0.11897552
          2.4867605e-010                      0.11560168
          2.4915064e-010                      0.11230164
          2.4962521e-010                      0.10907493
          2.5009977e-010                      0.10592048
          2.5057434e-010                      0.10283739
          2.5104893e-010                     0.099824607
           2.515235e-010                     0.096881539
          2.5199806e-010                     0.094007097
          2.5247265e-010                     0.091200158
          2.5294722e-010                     0.088460118
          2.5342178e-010                     0.085785829
          2.5389635e-010                      0.08317633
          2.5437094e-010                     0.080630489
          2.5484551e-010                     0.078147627
          2.5532007e-010                     0.075726599
          2.5579466e-010                     0.073366269
          2.5626923e-010                     0.071065925
          2.5674379e-010                      0.06882441
          2.5721836e-010                     0.066640735
          2.5769295e-010                     0.064513758
          2.5816752e-010                     0.062442731
          2.5864208e-010                     0.060426522
          2.5911667e-010                     0.058464013
          2.5959124e-010                     0.056554433
           2.600658e-010                      0.05469666
          2.6054037e-010                     0.052889701
          2.6101496e-010                     0.051132463
          2.6148952e-010                     0.049424164
          2.6196409e-010                     0.047763716
          2.6243868e-010                     0.046150047
          2.6291325e-010                     0.044582378
          2.6338781e-010                     0.043059643
          2.6386238e-010                     0.041580893
          2.6433697e-010                     0.040145092
          2.6481153e-010                     0.038751464
           2.652861e-010                     0.037398998
          2.6576069e-010                      0.03608669
          2.6623526e-010                     0.034813777
          2.6670982e-010                     0.033579282
          2.6718439e-010                     0.032382313
          2.6765898e-010                     0.031221913
          2.6813354e-010                     0.030097349
          2.6860811e-010                      0.02900769
          2.6908267e-010                     0.027952082
          2.6955727e-010                     0.026929632
          2.7003183e-010                     0.025939628
           2.705064e-010                     0.024981197
          2.7098099e-010                      0.02405348
          2.7145555e-010                     0.023155795
          2.7193012e-010                     0.022287311
          2.7240468e-010                     0.021447258
          2.7287927e-010                     0.020634836
          2.7335384e-010                     0.019849401
           2.738284e-010                     0.019090177
            2.74303e-010                     0.018356407
          2.7477756e-010                     0.017647473
          2.7525213e-010                     0.016962644
          2.7572669e-010                     0.016301241
          2.7620128e-010                     0.015662568
          2.7667585e-010                     0.015046048
          2.7715041e-010                     0.014451005
          2.7762501e-010                     0.013876782
          2.7809957e-010                     0.013322836
          2.7857414e-010                     0.012788533
           2.790487e-010                     0.012273288
          2.7952329e-010                     0.011776501
          2.7999786e-010                     0.011297667
          2.8047242e-010                     0.010836211
          2.8094699e-010                     0.010391597
          2.8142158e-010                    0.0099632759
          2.8189615e-010                    0.0095507903
          2.8237071e-010                    0.0091536129
           2.828453e-010                    0.0087712379
          2.8331987e-010                    0.0084032342
          2.8379443e-010                    0.0080491165
            2.84269e-010                    0.0077084326
          2.8474359e-010                    0.0073807244
          2.8521815e-010                    0.0070656021
          2.8569272e-010                     0.006762628
          2.8616731e-010                    0.0064713797
          2.8664188e-010                    0.0061914949
          2.8711644e-010                    0.0059225713
          2.8759101e-010                    0.0056642345
           2.880656e-010                    0.0054161064
          2.8854016e-010                    0.0051778611
          2.8901473e-010                    0.0049491408
          2.8948932e-010                    0.0047295974
          2.8996389e-010                    0.0045189327
          2.9043845e-010                     0.004316818
          2.9091302e-010                    0.0041229469
          2.9138761e-010                    0.0039370116
          2.9186217e-010                     0.003758746
          2.9233674e-010                    0.0035878594
          2.9281133e-010                    0.0034240717
           2.932859e-010                     0.003267139
          2.9376046e-010                     0.003116797
          2.9423503e-010                    0.0029727991
          2.9470962e-010                    0.0028348987
          2.9518418e-010                    0.0027028809
          2.9565875e-010                    0.0025765134
          2.9613334e-010                    0.0024555731
           2.966079e-010                    0.0023398641
          2.9708247e-010                    0.0022291774
          2.9755703e-010                    0.0021233165
          2.9803163e-010                    0.0020220866
          2.9850619e-010                    0.0019253166
          2.9898076e-010                    0.0018328239
          2.9945532e-010                    0.0017444376
          2.9992991e-010                    0.0016599884
          3.0040448e-010                     0.001579327
          3.0087904e-010                     0.001502295
          3.0135364e-010                    0.0014287402
           3.018282e-010                    0.0013585285
          3.0230277e-010                    0.0012915178
          3.0277733e-010                    0.0012275754
          3.0325192e-010                      0.00116657
          3.0372649e-010                    0.0011083856
          3.0420105e-010                       0.0010529
          3.0467565e-010                   0.00099999574
          3.0515021e-010                    0.0009495694
          3.0562478e-010                    0.0009015117
          3.0609934e-010                   0.00085572107
          3.0657393e-010                   0.00081209693
           3.070485e-010                   0.00077055034
          3.0752306e-010                    0.0007309881
          3.0799766e-010                   0.00069332105
          3.0847222e-010                   0.00065747008
          3.0894678e-010                   0.00062335253
          3.0942135e-010                   0.00059089134
          3.0989594e-010                   0.00056001067
          3.1037051e-010                   0.00053064304
          3.1084507e-010                   0.00050271844
          3.1131964e-010                   0.00047617144
          3.1179423e-010                   0.00045093775
          3.1226879e-010                   0.00042696021
          3.1274336e-010                   0.00040417956
          3.1321795e-010                   0.00038253929
          3.1369252e-010                   0.00036198893
          3.1416708e-010                   0.00034247644
          3.1464165e-010                   0.00032395319
          3.1511624e-010                   0.00030637163
           3.155908e-010                   0.00028968928
          3.1606537e-010                   0.00027386242
          3.1653996e-010                   0.00025884941
          3.1701453e-010                   0.00024461295
          3.1748909e-010                    0.0002311149
          3.1796366e-010                   0.00021831952
          3.1843825e-010                   0.00020619202
          3.1891281e-010                   0.00019470126
          3.1938738e-010                   0.00018381538
          3.1986197e-010                   0.00017350404
          3.2033654e-010                   0.00016374007
           3.208111e-010                   0.00015449573
          3.2128566e-010                   0.00014574517
          3.2176026e-010                   0.00013746323
          3.2223482e-010                   0.00012962731
          3.2270939e-010                   0.00012221446
          3.2318398e-010                   0.00011520289
          3.2365854e-010                     0.000108573
          3.2413311e-010                   0.00010230489
          3.2460767e-010                  9.6380048e-005
          3.2508227e-010                  9.0780486e-005
          3.2555683e-010                  8.5490043e-005
           3.260314e-010                  8.0492369e-005
          3.2650599e-010                  7.5771961e-005
          3.2698055e-010                  7.1314855e-005
          3.2745512e-010                  6.7106972e-005
          3.2792968e-010                   6.313518e-005
          3.2840428e-010                  5.9386788e-005
          3.2887884e-010                  5.5850353e-005
          3.2935341e-010                   5.251437e-005
          3.2982797e-010                  4.9368118e-005
          3.3030256e-010                  4.6401234e-005
          3.3077713e-010                  4.3604392e-005
          3.3125169e-010                  4.0968218e-005
          3.3172629e-010                  3.8483849e-005
          3.3220085e-010                  3.6143287e-005
          3.3267541e-010                  3.3938526e-005
          3.3314998e-010                  3.1862102e-005
          3.3362457e-010                  2.9906832e-005
          3.3409914e-010                  2.8066235e-005
           3.345737e-010                  2.6333833e-005
          3.3504829e-010                    2.47035e-005
          3.3552286e-010                  2.3169716e-005
          3.3599742e-010                  2.1726966e-005
          3.3647199e-010                   2.037012e-005
          3.3694658e-010                   1.909425e-005
          3.3742115e-010                  1.7894907e-005
          3.3789571e-010                  1.6767657e-005
           3.383703e-010                  1.5708325e-005
          3.3884487e-010                  1.4713132e-005
          3.3931943e-010                  1.3778329e-005
            3.39794e-010                  1.2900428e-005
          3.4026859e-010                  1.2076085e-005
          3.4074316e-010                   1.130228e-005
          3.4121772e-010                  1.0576015e-005
          3.4169229e-010                  9.8945093e-006
          3.4216688e-010                  9.2550954e-006
          3.4264144e-010                  8.6553646e-006
          3.4311601e-010                   8.092934e-006
           3.435906e-010                  7.5655598e-006
          3.4406517e-010                  7.0712144e-006
          3.4453973e-010                  6.6078942e-006
          3.4501429e-010                  6.1737396e-006
          3.4548889e-010                   5.766974e-006
          3.4596345e-010                  5.3859899e-006
          3.4643802e-010                  5.0292033e-006
          3.4691261e-010                  4.6951268e-006
          3.4738717e-010                   4.382413e-006
          3.4786174e-010                  4.0897376e-006
           3.483363e-010                  3.8158714e-006
           3.488109e-010                  3.5596427e-006
          3.4928546e-010                  3.3199917e-006
          3.4976003e-010                  3.0958774e-006
          3.5023462e-010                  2.8863226e-006
          3.5070918e-010                  2.6904438e-006
          3.5118375e-010                  2.5073741e-006
          3.5165831e-010                  2.3363102e-006
          3.5213291e-010                  2.1764877e-006
          3.5260747e-010                  2.0272153e-006
          3.5308204e-010                   1.887816e-006
          3.5355663e-010                  1.7576557e-006
          3.5403119e-010                  1.6361605e-006
          3.5450576e-010                  1.5227695e-006
          3.5498032e-010                  1.4169632e-006
          3.5545492e-010                  1.3182486e-006

